region_id,Intct_fam_no_otr_chld_pre_Fam,Step_fam_no_otr_chld_pre_Fam,Blnd_fam_no_otr_chld_pre_Fam,Intct_fam_othr_child_pres_Fam,Step_fam_othr_child_pres_Fam,Blnd_fam_othr_child_pres_Fam,Otr_cpl_fam_otr_chld_only_Fam,Tot_Families
LGA10050,4317,371,231,34,5,3,34,4995
LGA10110,1996,156,93,17,6,7,13,2288
LGA10150,4277,200,70,47,3,4,13,4614
LGA10200,8818,429,164,172,0,8,37,9628
LGA10250,3411,321,190,34,0,0,22,3978
LGA10300,229,17,5,0,0,5,3,259
LGA10350,22531,1121,628,332,14,28,62,24716
LGA10470,3526,331,203,33,4,8,23,4128
LGA10550,2589,246,154,21,0,5,33,3048
LGA10600,1021,108,82,4,0,0,7,1222
LGA10650,640,50,43,3,0,3,5,744
LGA10750,38281,2282,1590,663,47,50,176,43089
LGA10800,551,43,38,9,0,3,9,653
LGA10850,690,50,45,11,0,0,4,800
LGA10900,8007,705,396,55,3,6,48,9220
LGA10950,269,17,23,8,0,0,0,317
LGA11000,203,17,16,0,0,0,3,239
LGA11050,212,14,16,3,0,0,3,248
LGA11100,4554,251,121,61,4,0,11,5002
LGA11150,223,13,11,8,3,0,3,261
LGA11200,118,6,7,12,0,0,8,151
LGA11250,1343,154,109,13,0,3,17,1639
LGA11300,3576,162,70,48,4,5,7,3872
LGA11350,2472,216,129,12,3,5,17,2854
LGA11400,1342,104,73,9,4,0,14,1546
LGA11450,7364,589,420,69,6,10,35,8493
LGA11500,16351,1281,893,309,21,36,122,19013
LGA11520,8832,455,161,71,3,9,14,9545
LGA11550,17017,836,403,233,8,12,38,18547
LGA11600,248,17,16,4,0,0,3,288
LGA11700,132,10,6,7,0,4,3,162
LGA11720,4712,496,383,78,11,14,60,5754
LGA11730,3871,364,292,58,3,20,46,4654
LGA11750,417,34,40,4,0,0,4,499
LGA11800,5884,586,372,67,3,9,53,6974
LGA11860,180,8,10,6,0,0,0,204
LGA12000,379,28,24,6,0,0,5,442
LGA12050,861,74,53,7,3,3,3,1004
LGA12150,311,12,14,10,0,0,9,356
LGA12200,596,56,27,6,4,0,9,698
LGA12300,912,79,73,5,0,0,11,1080
LGA12350,1031,93,62,8,0,5,6,1205
LGA12500,571,49,31,9,0,5,3,668
LGA12600,3656,301,226,51,4,8,45,4291
LGA12700,849,65,51,12,0,0,7,984
LGA12750,2471,284,167,33,0,11,26,2992
LGA12850,23322,1244,646,495,23,32,94,25856
LGA12900,764,59,42,9,0,3,17,894
LGA12950,371,21,27,7,0,0,12,438
LGA13010,650,61,39,7,0,0,8,765
LGA13050,405,16,23,3,0,0,7,454
LGA13100,16059,1450,896,131,12,17,89,18654
LGA13310,2346,298,174,29,5,4,33,2889
LGA13320,2306,235,131,20,0,8,36,2736
LGA13340,1021,66,54,3,0,0,15,1159
LGA13380,3542,359,263,59,9,8,53,4293
LGA13450,2680,155,103,25,4,4,22,2993
LGA13500,357,35,21,3,0,0,3,419
LGA13550,1126,103,62,9,4,0,15,1319
LGA13650,396,29,27,10,0,0,7,469
LGA13660,459,42,20,6,0,0,6,533
LGA13700,304,22,20,3,0,0,3,352
LGA13800,7089,596,395,80,4,10,44,8218
LGA13850,266,18,21,3,0,3,6,317
LGA13950,12267,615,302,140,4,8,37,13373
LGA14000,22333,1099,458,185,3,14,52,24144
LGA14100,1582,91,33,4,0,0,3,1713
LGA14150,9842,492,218,124,0,12,32,10720
LGA14200,1377,136,113,19,0,0,17,1662
LGA14250,147,11,10,0,0,0,0,168
LGA14300,489,38,45,4,0,0,10,586
LGA14350,2016,182,143,42,7,8,31,2429
LGA14400,2144,171,89,13,0,3,11,2431
LGA14450,7236,349,137,83,0,12,17,7834
LGA14500,16013,645,267,96,0,8,21,17050
LGA14550,751,71,50,12,0,0,16,900
LGA14600,616,30,26,10,0,0,16,698
LGA14650,18949,1769,1100,217,17,45,161,22258
LGA14700,3866,194,69,18,3,0,8,4158
LGA14750,1053,66,62,10,0,3,12,1206
LGA14800,5209,335,97,22,0,7,11,5681
LGA14850,3659,344,251,40,0,8,23,4325
LGA14870,1709,152,129,25,4,3,19,2041
LGA14900,23795,1286,827,367,20,26,98,26419
LGA14920,622,56,44,13,0,4,8,747
LGA14950,307,24,13,0,0,0,5,349
LGA15050,7332,672,486,64,9,12,46,8621
LGA15150,4442,253,92,15,0,4,8,4814
LGA15200,6648,381,144,73,4,4,33,7287
LGA15270,2010,199,144,21,0,4,29,2407
LGA15300,1171,78,81,27,0,3,27,1387
LGA15350,3039,141,47,8,0,0,5,3240
LGA15500,569,39,35,9,0,3,7,662
LGA15550,209,11,17,4,0,0,0,241
LGA15650,1491,130,138,15,0,0,14,1788
LGA15700,1283,115,107,9,4,0,20,1538
LGA15750,1237,80,90,12,0,4,11,1434
LGA15800,527,33,37,5,0,0,6,608
LGA15850,582,37,29,4,0,0,13,665
LGA15900,13303,1181,673,103,7,20,78,15365
LGA15950,4425,312,54,17,0,3,13,4824
LGA16100,495,42,29,3,0,0,3,572
LGA16150,3610,297,222,35,0,12,15,4191
LGA16180,1636,138,93,12,0,3,12,1894
LGA16200,1300,97,86,16,0,4,22,1525
LGA16250,19725,894,431,236,8,18,59,21371
LGA16350,20619,1741,1198,280,25,43,132,24038
LGA16370,7127,512,247,49,6,0,13,7954
LGA16380,5907,608,369,59,0,6,55,7004
LGA16400,5943,600,394,64,11,12,53,7077
LGA16470,4156,365,215,29,3,7,17,4792
LGA16550,12350,659,266,90,0,6,38,13409
LGA16610,1831,170,133,21,0,4,32,2191
LGA16650,11070,587,233,123,4,3,32,12052
LGA16700,12316,544,196,130,10,11,21,13228
LGA16900,6949,684,419,90,7,17,60,8226
LGA16950,7346,687,478,86,5,19,97,8718
LGA17000,2590,200,167,22,0,3,19,3001
LGA17050,669,36,25,4,0,4,0,738
LGA17100,4334,166,63,52,0,5,12,4632
LGA17150,26972,1671,829,152,5,21,59,29709
LGA17200,6865,525,108,44,3,4,29,7578
LGA17310,5045,473,297,50,4,11,49,5929
LGA17350,526,32,31,4,0,0,4,597
LGA17400,488,46,47,4,0,0,6,591
LGA17420,25708,1257,681,243,6,18,53,27966
LGA17450,267,33,12,3,0,0,3,318
LGA17500,1045,101,72,5,3,0,7,1233
LGA17550,6941,717,420,90,10,13,48,8239
LGA17620,1365,100,83,8,0,0,16,1572
LGA17640,685,37,49,4,0,4,4,783
LGA17650,621,42,29,10,0,0,7,709
LGA17700,105,6,7,0,0,0,0,118
LGA17750,5643,463,340,43,3,3,42,6537
LGA17800,354,25,13,4,0,0,3,399
LGA17850,287,8,16,4,0,0,4,319
LGA17900,435,35,26,21,0,8,9,534
LGA17950,254,19,5,4,5,0,3,290
LGA18000,17715,1060,461,125,11,6,22,19400
LGA18020,782,52,42,8,5,3,16,908
LGA18050,5667,327,97,27,0,0,7,6125
LGA18100,322,19,20,3,0,0,3,367
LGA18150,669,41,44,11,3,0,18,786
LGA18200,595,37,52,10,0,0,13,707
LGA18250,8491,392,117,67,0,0,19,9086
LGA18350,4156,326,236,24,0,9,28,4779
LGA18400,5418,398,317,65,8,13,31,6250
LGA18450,20014,1480,911,166,15,25,104,22715
LGA18500,4685,275,96,14,0,0,6,5076
LGA18550,13362,1521,1057,170,20,22,138,16290
LGA18710,1731,123,102,15,0,5,8,1984
LGA18750,1144,89,72,12,0,3,8,1328
LGA19399,113,5,0,5,0,0,0,123
LGA19499,0,0,0,0,0,0,0,0
LGA20110,1077,65,56,3,0,0,7,1208
LGA20260,929,86,61,3,0,4,3,1086
LGA20570,8547,713,428,59,3,9,45,9804
LGA20660,13952,813,365,95,4,6,28,15263
LGA20740,2343,225,146,15,0,4,15,2748
LGA20830,4329,342,240,38,6,4,25,4984
LGA20910,11636,669,239,45,3,3,14,12609
LGA21010,1124,105,64,6,0,5,10,1314
LGA21110,19724,981,339,132,0,9,33,21218
LGA21180,21700,1250,585,379,23,34,90,24061
LGA21270,579,50,28,3,0,0,4,664
LGA21370,3330,288,189,23,5,6,23,3864
LGA21450,8589,865,563,55,6,15,39,10132
LGA21610,32632,2406,1576,433,24,32,111,37214
LGA21670,964,87,70,12,0,0,10,1143
LGA21750,1851,151,115,18,0,0,10,2145
LGA21830,1634,100,95,5,0,4,8,1846
LGA21890,14004,697,293,99,3,12,34,15142
LGA22110,3340,323,198,39,5,4,33,3942
LGA22170,12409,1433,790,102,13,18,54,14819
LGA22250,910,58,45,3,0,0,7,1023
LGA22310,15463,773,266,70,3,5,18,16598
LGA22410,1793,153,104,10,0,0,20,2080
LGA22490,2307,184,134,18,3,7,5,2658
LGA22620,9408,842,551,67,4,15,37,10924
LGA22670,15114,908,445,323,11,22,61,16884
LGA22750,20845,1699,935,122,6,20,78,23705
LGA22830,5970,437,309,41,7,3,46,6813
LGA22910,1174,101,70,13,3,4,11,1376
LGA22980,521,35,21,3,0,0,5,585
LGA23110,9417,598,247,88,0,9,29,10388
LGA23190,1831,122,95,11,3,0,12,2074
LGA23270,21692,1276,756,229,3,22,66,24044
LGA23350,1499,135,78,8,3,0,11,1734
LGA23430,16739,1071,489,135,3,10,31,18478
LGA23670,19198,1377,668,141,11,19,38,21452
LGA23810,6498,661,428,43,7,6,56,7699
LGA23940,612,50,28,3,0,3,4,700
LGA24130,5058,361,212,26,0,3,16,5676
LGA24210,15157,717,274,140,0,3,31,16322
LGA24250,628,66,16,5,0,0,3,718
LGA24330,6821,417,148,111,3,8,25,7533
LGA24410,11982,896,425,64,3,10,23,13403
LGA24600,3700,281,54,30,3,0,15,4083
LGA24650,14091,980,659,105,7,19,49,15910
LGA24780,4669,386,280,44,4,9,45,5437
LGA24850,3728,317,224,23,3,4,20,4319
LGA24900,2475,236,134,23,4,0,18,2890
LGA24970,20364,945,356,242,3,10,35,21955
LGA25060,12375,599,232,76,3,6,21,13312
LGA25150,3160,264,182,29,0,3,20,3658
LGA25250,14926,753,308,124,0,7,28,16146
LGA25340,13928,1296,707,76,3,11,48,16069
LGA25430,1469,141,76,12,0,3,7,1708
LGA25490,1716,108,87,15,0,3,14,1943
LGA25620,1200,116,69,4,4,3,4,1400
LGA25710,8904,592,262,43,0,5,13,9819
LGA25810,996,87,65,10,0,4,10,1172
LGA25900,5747,443,97,21,0,3,10,6321
LGA25990,549,56,41,8,0,0,7,661
LGA26080,242,12,9,0,0,0,0,263
LGA26170,2490,225,139,13,0,0,24,2891
LGA26260,1571,111,62,17,0,0,6,1767
LGA26350,8078,437,146,20,3,3,4,8691
LGA26430,731,82,37,9,0,0,3,862
LGA26490,2983,191,97,13,0,4,6,3294
LGA26610,1912,123,113,19,5,0,10,2182
LGA26670,535,47,25,5,0,0,7,619
LGA26700,2568,216,140,16,5,0,11,2956
LGA26730,3020,209,146,25,0,3,21,3424
LGA26810,3724,332,244,24,4,0,23,4351
LGA26890,413,26,12,0,0,0,5,456
LGA26980,17956,875,355,139,0,13,26,19364
LGA27070,20658,1086,685,181,3,19,54,22686
LGA27170,3426,342,197,26,3,3,17,4014
LGA27260,20366,1355,841,224,8,22,63,22879
LGA27350,4826,337,114,25,3,6,17,5328
LGA27450,16867,1518,892,109,5,15,63,19469
LGA27630,586,48,39,0,0,3,7,683
LGA29399,16,0,0,0,0,0,0,16
LGA29499,0,0,0,0,0,0,0,0
LGA30250,79,9,11,12,0,8,10,129
LGA30300,468,26,23,11,0,0,6,534
LGA30370,1542,103,92,14,0,4,9,1764
LGA30410,347,11,11,3,0,0,3,375
LGA30450,30,0,0,0,0,0,0,30
LGA30760,210,16,10,4,0,0,3,243
LGA30900,34,0,3,9,0,0,0,46
LGA31000,106232,7921,3711,990,47,101,332,119334
LGA31750,33,4,4,0,0,0,0,41
LGA31820,7387,781,546,59,10,13,55,8851
LGA31900,1728,133,90,15,0,0,15,1981
LGA31950,25,3,3,0,0,0,0,31
LGA32070,13834,1313,855,188,12,29,103,16334
LGA32250,113,12,6,9,4,4,14,162
LGA32260,2455,197,148,21,0,0,25,2846
LGA32270,3165,219,241,28,0,7,25,3685
LGA32310,1052,89,86,18,0,0,12,1257
LGA32330,66,6,11,14,3,0,4,104
LGA32450,225,15,10,8,5,0,11,274
LGA32500,229,17,20,16,0,0,12,294
LGA32600,28,3,3,0,0,0,0,34
LGA32750,24,0,0,0,0,0,0,24
LGA32770,102,4,5,25,0,6,8,150
LGA33100,85,6,4,0,0,0,0,95
LGA33200,152,7,16,3,0,0,3,181
LGA33220,7381,810,572,86,16,13,76,8954
LGA33360,6014,683,462,66,0,14,37,7276
LGA33430,46288,4648,2610,386,37,73,211,54253
LGA33610,1027,69,68,8,0,0,11,1183
LGA33620,3742,366,303,42,3,11,38,4505
LGA33800,1111,80,65,12,0,4,10,1282
LGA33830,72,4,10,10,0,3,3,102
LGA33960,16618,1844,1297,239,23,43,117,20181
LGA33980,2535,186,180,16,0,0,14,2931
LGA34420,64,4,13,9,0,4,8,102
LGA34570,15,3,3,13,0,0,0,34
LGA34580,3132,282,272,36,3,12,34,3771
LGA34590,28664,3186,2287,511,52,63,220,34983
LGA34710,388,27,27,6,0,0,0,448
LGA34770,11868,1107,791,111,19,21,70,13987
LGA34800,81,3,0,0,0,0,0,84
LGA34830,17,0,0,0,0,0,0,17
LGA34860,1255,97,85,19,0,0,17,1473
LGA35010,39504,4134,2849,347,31,63,205,47133
LGA35250,67,3,12,13,5,3,4,107
LGA35300,1796,196,145,46,8,5,21,2217
LGA35600,433,40,19,12,0,3,3,510
LGA35670,53,7,4,12,0,5,3,84
LGA35760,848,69,53,5,0,0,5,980
LGA35780,180,9,15,27,5,0,4,240
LGA35790,118,14,11,17,7,13,11,191
LGA35800,138,10,15,4,0,0,3,170
LGA36070,41,3,4,4,3,3,3,61
LGA36150,87,7,4,3,0,0,3,104
LGA36250,15476,1490,863,131,7,26,54,18047
LGA36300,84,0,3,0,0,0,3,90
LGA36360,9965,968,651,130,12,18,87,11831
LGA36510,3522,317,252,34,0,6,20,4151
LGA36580,1941,225,186,19,4,10,22,2407
LGA36630,2531,253,223,36,3,6,32,3084
LGA36660,2976,266,202,35,0,0,31,3510
LGA36710,28393,2859,1578,181,13,22,128,33174
LGA36810,3542,326,216,73,8,7,44,4216
LGA36910,14382,1189,845,144,12,18,102,16692
LGA36950,245,26,25,29,4,0,6,335
LGA36960,326,18,27,50,5,5,18,449
LGA37010,16437,1707,1170,220,28,30,132,19724
LGA37300,338,37,27,4,0,0,3,409
LGA37310,3002,218,201,30,4,0,27,3482
LGA37340,2552,240,151,22,4,8,16,2993
LGA37400,115,16,5,4,0,0,0,140
LGA37550,39,11,11,8,0,0,4,73
LGA37570,18,6,4,4,0,0,0,32
LGA37600,143,5,9,27,3,0,10,197
LGA39399,0,0,0,0,0,0,0,0
LGA39499,0,0,0,0,0,0,0,0
LGA40070,651,53,17,3,0,0,0,724
LGA40120,4840,397,171,15,4,0,12,5439
LGA40220,1953,173,142,22,4,3,11,2308
LGA40250,160,9,14,30,5,5,15,238
LGA40310,2410,202,121,9,4,3,15,2764
LGA40430,191,12,6,0,0,0,0,209
LGA40520,891,92,65,5,0,0,10,1063
LGA40700,4655,278,107,25,0,0,11,5076
LGA40910,5452,339,171,31,0,0,9,6002
LGA41010,271,32,18,9,0,7,10,347
LGA41060,10366,803,353,66,4,8,43,11643
LGA41140,802,68,39,5,0,3,7,924
LGA41190,163,5,14,0,0,3,0,185
LGA41330,96,16,9,3,0,0,3,127
LGA41560,966,109,63,12,0,0,10,1160
LGA41750,114,5,3,0,0,0,3,125
LGA41830,129,16,3,0,4,0,0,152
LGA41960,116,8,5,0,0,0,0,129
LGA42030,1878,215,114,18,0,0,10,2235
LGA42110,350,38,13,8,0,0,3,412
LGA42250,913,52,51,7,0,3,7,1033
LGA42600,2981,258,88,8,0,3,9,3347
LGA42750,371,29,16,3,0,0,0,419
LGA43080,104,5,7,0,0,0,0,116
LGA43220,124,4,0,0,0,0,0,128
LGA43360,201,11,6,0,0,0,0,218
LGA43650,1692,151,94,10,0,3,9,1959
LGA43710,508,39,41,3,0,0,6,597
LGA43790,1048,79,47,11,0,0,6,1191
LGA43920,919,104,71,14,0,0,13,1121
LGA44000,5,0,0,0,0,0,0,5
LGA44060,8189,673,349,60,0,3,27,9301
LGA44210,603,56,40,10,0,3,11,723
LGA44340,7256,544,208,34,6,3,22,8073
LGA44550,3390,277,182,33,4,3,18,3907
LGA44620,2172,231,168,21,5,0,24,2621
LGA44830,242,20,9,6,0,0,4,281
LGA45040,1610,189,133,18,0,4,17,1971
LGA45090,819,63,53,0,0,0,5,940
LGA45120,420,25,17,3,0,0,7,472
LGA45290,3090,203,59,12,0,0,4,3368
LGA45340,16249,1784,1070,106,16,18,82,19325
LGA45400,75,5,3,0,0,0,0,83
LGA45540,93,7,3,3,0,3,3,112
LGA45680,6879,873,616,86,12,26,58,8550
LGA45890,10068,866,422,129,12,12,67,11576
LGA46090,1119,104,71,15,0,5,21,1335
LGA46300,1207,117,88,14,0,0,11,1437
LGA46450,1444,139,117,19,0,3,14,1736
LGA46510,2272,112,40,11,0,4,8,2447
LGA46670,814,77,49,12,0,0,3,955
LGA46860,116,7,9,0,0,0,0,132
LGA46970,525,42,32,7,0,0,4,610
LGA47140,12758,1372,772,187,8,29,72,15198
LGA47290,208,11,8,0,0,3,0,230
LGA47490,197,12,13,0,0,0,0,222
LGA47630,688,44,31,0,5,0,0,768
LGA47700,10849,974,450,76,3,12,39,12403
LGA47800,472,45,36,4,0,3,5,565
LGA47910,229,13,15,0,0,0,0,257
LGA47980,3769,251,95,16,0,3,8,4142
LGA48050,834,80,54,9,0,0,10,987
LGA48130,603,55,41,0,0,3,4,706
LGA48260,721,35,11,0,0,3,3,773
LGA48340,1110,77,50,12,4,0,10,1263
LGA48410,5053,332,146,27,0,4,13,5575
LGA48540,1802,224,143,25,0,4,34,2232
LGA48640,143,8,9,0,0,0,0,160
LGA48750,322,26,23,4,0,0,4,379
LGA48830,791,68,35,10,0,0,5,909
LGA49399,256,28,13,6,5,3,8,319
LGA49499,0,0,0,0,0,0,0,0
LGA50080,3051,306,198,32,3,0,27,3617
LGA50210,6169,659,473,90,10,15,55,7471
LGA50250,687,58,51,9,3,3,3,814
LGA50280,1173,82,55,6,0,0,9,1325
LGA50350,1341,117,68,14,0,4,5,1549
LGA50420,5843,460,197,51,6,6,36,6599
LGA50490,2894,278,125,40,3,0,19,3359
LGA50560,123,7,12,0,0,0,4,146
LGA50630,164,23,17,0,0,0,0,204
LGA50770,152,7,12,0,0,0,3,174
LGA50840,382,29,22,3,0,0,3,439
LGA50910,83,9,5,3,0,0,3,103
LGA50980,1196,106,83,40,4,8,28,1465
LGA51080,121,9,3,4,3,0,0,140
LGA51120,84,3,7,4,0,0,0,98
LGA51190,2488,278,175,29,0,4,21,2995
LGA51260,2997,268,167,13,3,3,9,3460
LGA51310,3196,182,69,12,0,0,6,3465
LGA51330,9545,636,268,135,3,13,36,10636
LGA51400,1783,125,124,21,3,0,7,2063
LGA51470,52,5,0,0,3,0,0,60
LGA51540,458,30,32,15,0,0,12,547
LGA51610,141,8,8,0,0,0,3,160
LGA51680,485,55,36,4,0,0,3,583
LGA51750,891,58,11,0,0,0,0,960
LGA51820,10549,824,463,87,9,15,42,11989
LGA51890,816,110,58,9,0,0,11,1004
LGA51960,350,41,32,12,0,0,4,439
LGA52030,77,12,6,3,0,0,0,98
LGA52100,81,11,3,0,0,0,3,98
LGA52170,798,54,9,4,0,0,3,868
LGA52240,99,9,3,0,0,0,3,114
LGA52310,93,4,5,0,0,0,0,102
LGA52380,7,3,4,3,0,0,0,17
LGA52450,128,3,3,3,0,0,0,137
LGA52520,142,8,8,3,0,0,0,161
LGA52590,257,17,17,0,0,0,3,294
LGA52660,1332,125,110,15,0,3,6,1591
LGA52730,419,36,25,0,5,0,0,485
LGA52800,378,26,43,48,12,11,29,547
LGA52870,507,50,24,3,3,0,5,592
LGA52940,68,3,3,0,0,0,0,74
LGA53010,59,3,3,0,0,3,0,68
LGA53080,58,12,3,0,0,0,0,73
LGA53150,789,66,24,3,0,0,3,885
LGA53220,601,50,60,33,12,6,13,775
LGA53290,1304,111,80,8,0,0,15,1518
LGA53360,216,17,9,3,0,0,0,245
LGA53430,2138,205,100,17,3,3,5,2471
LGA53520,3455,328,228,43,3,4,40,4101
LGA53570,398,35,26,0,0,0,6,465
LGA53640,128,11,5,3,0,0,3,150
LGA53710,92,8,6,0,0,0,0,106
LGA53780,11677,1021,623,186,8,26,63,13604
LGA53920,163,13,18,40,8,9,17,268
LGA53990,2578,211,179,26,0,3,15,3012
LGA54060,345,30,16,0,0,0,3,394
LGA54130,126,5,0,0,0,0,3,134
LGA54170,19864,1441,694,137,7,14,53,22210
LGA54200,5843,567,299,63,7,11,22,6812
LGA54280,2998,290,204,52,0,7,25,3576
LGA54340,410,27,20,6,0,0,5,468
LGA54410,109,4,12,0,0,0,0,125
LGA54480,64,3,3,0,0,0,0,70
LGA54550,196,13,10,0,0,0,5,224
LGA54620,84,9,4,0,0,0,0,97
LGA54690,37,3,4,0,0,0,4,48
LGA54760,89,6,6,3,0,0,3,107
LGA54830,2725,344,240,38,0,16,31,3394
LGA54900,142,3,8,0,3,0,0,156
LGA54970,39,3,3,3,0,0,6,54
LGA55040,108,7,15,8,0,4,0,142
LGA55110,5743,699,438,49,5,17,53,7004
LGA55180,856,65,50,7,3,0,12,993
LGA55250,58,0,0,0,0,0,9,67
LGA55320,11220,707,311,83,4,11,29,12365
LGA55390,15,5,0,4,0,0,0,24
LGA55460,296,25,22,4,0,0,0,347
LGA55530,50,3,0,0,0,0,0,53
LGA55600,242,26,13,0,0,4,5,290
LGA55670,79,4,8,0,0,0,3,94
LGA55740,836,61,24,0,0,0,0,921
LGA55810,34,6,0,0,3,3,5,51
LGA55880,57,0,4,0,0,0,0,61
LGA55950,52,3,0,0,0,0,0,55
LGA56020,50,0,5,6,0,0,4,65
LGA56090,3929,408,184,49,3,8,14,4595
LGA56160,3,0,0,0,0,0,3,6
LGA56230,1271,130,101,11,0,4,11,1528
LGA56300,94,7,4,0,0,0,3,108
LGA56370,76,5,5,0,0,0,0,86
LGA56450,106,8,0,0,0,0,0,114
LGA56520,349,26,27,3,0,0,11,416
LGA56580,2760,124,50,9,0,0,6,2949
LGA56620,88,9,5,9,0,8,17,136
LGA56730,859,88,60,19,3,4,11,1044
LGA56790,276,13,7,5,0,0,5,306
LGA56860,23,0,0,0,0,0,0,23
LGA56930,178,4,3,0,0,0,3,188
LGA57000,58,5,5,0,0,0,0,68
LGA57080,555,46,5,0,0,3,3,612
LGA57140,95,11,3,0,0,3,0,112
LGA57210,437,25,20,5,0,0,3,490
LGA57280,1185,121,75,21,3,10,6,1421
LGA57350,75,6,6,3,0,0,0,90
LGA57420,191,16,12,3,0,0,0,222
LGA57490,11103,1183,811,105,7,30,79,13318
LGA57560,1925,167,128,31,0,6,15,2272
LGA57630,5,3,0,0,0,0,0,8
LGA57700,2134,206,121,26,0,5,12,2504
LGA57770,59,9,3,0,0,0,4,75
LGA57840,3516,266,67,21,0,3,8,3881
LGA57910,19084,1229,563,184,11,19,63,21153
LGA57980,1456,100,23,5,0,0,4,1588
LGA58050,12329,1095,703,161,13,20,72,14393
LGA58190,43,3,0,3,0,0,0,49
LGA58260,50,5,0,0,0,0,4,59
LGA58330,382,30,23,3,0,0,4,442
LGA58400,28,0,0,0,0,0,0,28
LGA58470,13,5,3,0,0,0,0,21
LGA58510,2367,214,76,19,0,3,9,2688
LGA58540,100,5,5,0,0,0,0,110
LGA58570,2544,182,61,11,0,0,8,2806
LGA58610,164,7,14,3,0,0,3,191
LGA58680,55,0,3,0,0,0,0,58
LGA58760,18496,1491,1103,215,10,31,78,21424
LGA58820,338,30,20,3,0,0,0,391
LGA58890,96,5,4,0,0,0,3,108
LGA59030,23,0,0,3,0,0,0,26
LGA59100,68,4,5,0,0,0,0,77
LGA59170,92,8,0,0,0,0,0,100
LGA59250,20,3,4,0,0,0,3,30
LGA59310,137,6,7,5,0,0,0,155
LGA59320,42,3,3,0,0,0,0,48
LGA59330,45,0,0,0,0,0,0,45
LGA59340,508,37,27,35,6,7,21,641
LGA59350,12,0,0,0,0,0,3,15
LGA59360,131,9,8,0,0,0,0,148
LGA59370,285,22,26,0,0,0,3,336
LGA59399,0,0,0,0,0,0,0,0
LGA59499,0,0,0,0,0,0,0,0
LGA60210,428,48,33,3,3,0,9,524
LGA60410,1452,174,122,18,3,4,15,1788
LGA60610,1629,216,144,18,0,3,12,2022
LGA60810,1926,238,134,9,0,8,25,2340
LGA61010,178,16,16,0,0,0,0,210
LGA61210,789,76,67,6,0,0,8,946
LGA61410,4943,560,304,38,4,4,35,5888
LGA61510,964,114,65,12,0,3,15,1173
LGA61610,1968,300,169,24,4,3,19,2487
LGA61810,589,57,47,3,0,0,3,699
LGA62010,54,5,0,0,0,0,4,63
LGA62210,576,58,50,9,0,0,4,697
LGA62410,276,31,23,0,0,0,0,330
LGA62610,3580,501,335,32,6,9,25,4488
LGA62810,4075,383,164,28,0,3,22,4675
LGA63010,1430,153,83,14,4,4,13,1701
LGA63210,577,63,51,3,0,0,6,700
LGA63410,120,11,7,0,0,0,0,138
LGA63610,3623,337,189,21,0,3,27,4200
LGA63810,894,105,69,6,0,0,8,1082
LGA64010,5329,609,401,25,3,9,40,6416
LGA64210,1943,189,120,11,0,0,18,2281
LGA64610,1169,140,92,4,0,3,12,1420
LGA64810,1197,163,100,15,0,0,12,1487
LGA65010,620,59,36,10,0,3,4,732
LGA65210,156,23,10,0,0,4,0,193
LGA65410,1230,136,95,13,0,0,6,1480
LGA65610,388,38,44,4,0,3,6,483
LGA65810,2230,198,124,11,0,0,13,2576
LGA69399,0,0,0,0,0,0,0,0
LGA69499,0,0,0,0,0,0,0,0
LGA70200,2199,217,115,59,7,12,49,2658
LGA70420,438,36,45,59,13,4,27,622
LGA70540,9,0,0,4,0,0,3,16
LGA70620,272,13,0,63,3,7,25,383
LGA70700,60,10,3,3,3,0,0,79
LGA71000,6265,668,338,105,14,10,45,7445
LGA71300,644,24,32,110,19,17,34,880
LGA72200,761,75,77,20,7,0,16,956
LGA72300,1802,194,116,25,0,13,15,2165
LGA72330,306,26,19,80,9,12,31,483
LGA72800,2791,335,275,39,0,12,24,3476
LGA73600,417,30,27,92,12,12,31,621
LGA74050,205,17,9,26,3,7,14,281
LGA74500,471,32,24,80,9,8,24,648
LGA74560,22,3,3,0,0,0,0,28
LGA74660,460,22,27,87,19,11,22,648
LGA79399,745,58,42,10,0,0,0,855
LGA79499,0,0,0,0,0,0,0,0
LGA89399,38009,3063,1583,345,25,42,129,43196
LGA89499,0,0,0,0,0,0,0,0
LGA99399,261,12,8,5,0,0,8,294
LGA99499,0,0,0,0,0,0,0,0
